reconstruct_pose_node:
  ros__parameters:
    camera_matrix_1: [ 2.3963365682379472e+03, 0., 1.0381244825685860e+03, 0., 2.3963365682379472e+03, 7.3522354517671818e+02, 0., 0., 1. ]
    camera_matrix_2: [ 2.3979202166717037e+03, 0., 1.0246038481245218e+03, 0., 2.3979202166717037e+03, 7.5583322007652328e+02, 0., 0., 1. ]
    dist_coeffs_1: [ -1.6609743480630104e-01, 1.8059350130377208e-01, 8.6264119226421636e-05, 6.3388807558157061e-04, -5.0579492985700608e-02 ]
    dist_coeffs_2: [ -1.5868913120695460e-01, 1.1985018123339684e-01, 3.3259328128667386e-05, 1.4906857068374316e-04, 1.0078485762652550e-01 ]
    r_1: [ 9.8653748817720632e-01, -1.4936211295192368e-03, 1.6352844864710853e-01, 1.7558018938361965e-04, 9.9996738796879669e-01, 8.0741668585229548e-03, -1.6353517539846177e-01, -7.9367559357478110e-03, 9.8650557743613942e-01 ]
    r_2: [ 9.8330698914932346e-01, -1.8548295194217668e-03, -1.8194483971123246e-01, 3.8715213292001542e-04, 9.9996710500500829e-01, -8.1017912296343555e-03, 1.8195388207817434e-01, 7.8961076079601608e-03, 9.8327536137204485e-01 ]
    p_1: [ 2.3971283924548252e+03, 0., 1.0609726867675781e+03, 0., 0., 2.3971283924548252e+03, 7.4409719085693359e+02, 0., 0., 0., 1., 0. ]
    p_2: [ 2.3971283924548252e+03, 0., 1.0609726867675781e+03, -1.2555569131423391e+06, 0., 2.3971283924548252e+03, 7.4409719085693359e+02, 0., 0., 0., 1., 0. ]