reconstruct_pose_node:
  ros__parameters:
    camera_matrix_0: [ 2.3963365682379472e+03, 0., 1.0381244825685860e+03, 0., 2.3963365682379472e+03, 7.3522354517671818e+02, 0., 0., 1. ]
    camera_matrix_1: [ 2.3979202166717037e+03, 0., 1.0246038481245218e+03, 0., 2.3979202166717037e+03, 7.5583322007652328e+02, 0., 0., 1. ]
    dist_coeffs_0: [ -1.6609743480630104e-01, 1.8059350130377208e-01, 8.6264119226421636e-05, 6.3388807558157061e-04, -5.0579492985700608e-02 ]
    dist_coeffs_1: [ -1.5868913120695460e-01, 1.1985018123339684e-01, 3.3259328128667386e-05, 1.4906857068374316e-04, 1.0078485762652550e-01 ]
    R: [ 9.4031341513862454e-01, -2.5256721423111048e-03, 3.4030031191664573e-01, -2.9455757840460097e-03, 9.9987459498021269e-01, 1.5560138060317327e-02, -3.4029693635652564e-01, -1.5633786917610453e-02, 9.4018805555749196e-01 ]
    T: [ -5.1503202408916297e-01, 9.7151409709307290e-04, 9.5298233515178865e-02 ]